---
startPose:
  x: -5.0
  y: 35.0
  heading: 2.356194490192345
startTangent: 3.141592653589793
waypoints:
- position:
    x: -12.0
    y: 60.0
  heading: 1.5707963267948966
  tangent: 1.5707963267948966
  interpolationType: "LINEAR"
resolution: 0.25
version: 1
